0.19599501315534504
0.14291923141505686
0.10855531562339396
0.10242173714754406
0.09235833226429552
0.10574843990708317
0.09873760065618892
0.08502669880386358
0.09064107682202958
0.09328239197995043
0.09481236229496255
0.08322086610988705
0.10299398077665944
0.09271001269479955
0.09368939066722265
0.09512184211495488
0.08871090962974791
0.08853681728034819
0.07688177889993017
0.07734532947180894
0.06519621091603928
0.056815056498482584
0.04857350100265673
0.049317515907738495
0.029765912482898622
0.02724152829896678
0.0251595931642123
0.026424707443480182
0.014094831794468058
0.021075804870711447
0.028315194019810128
0.019413689085387518
0.015800236654321
0.018441813923481654
0.013042003935646895
0.014260630516061093
0.012938097258595871
0.012553535406303409
0.010781477436596989
0.010051706721940366
0.01281980918196805
0.011375027834119313
0.007171074786781692
0.0086715741126338
0.013150144592995768
0.006272889589253771
0.0070714973609984424
0.005634808347823843
0.00693418489002163
0.004615755053807474
0.005329537256495505
0.007676766234032123
0.012873177588529348
0.014173824269902834
0.023993363475387254
0.01532905738601998
0.010563989825297807
0.009151835500935613
0.009600338272202922
0.009899451808127473
0.008695713858006198
0.008337049250648683
0.007884041091708564
0.004885846313724549
0.005613227061517295
0.010115909372875265
0.011959238529751883
0.007772964558370592
0.007959495773745011
0.008021725906657964
0.007795498956014575
0.0041136320985992085
0.00739851250136118
0.004974310733681415
0.004377508627901051
0.006218197537416704
0.005493616955472998
0.0036648499271317025
0.003754087365463902
0.004309266834062371
0.0037540216498051435
0.005143398116034184
0.0032430823464082857
0.004763298636020908
0.00553473528179053
0.005255860051736711
0.003781086782725239
0.006779554008658458
0.0033940178562397246
0.006921195449772278
0.007429016799569787
0.006707976453880612
0.006018756672148173
0.005412699466163624
0.0037375570279839987
0.0048765413268796074
0.0031383214356475214
0.0046351788013498105
0.004660152858949213
0.0072873865612407066
0.004791142017772892
0.004509980736444057
0.004176127826226207
0.0043335381303624704
0.0038919675996195243
0.004384289078355096
0.0037691190741078353
0.003949684370697632
0.004999801050010719
0.004246650155723029
0.006089659543065182
0.006531604561778157
0.003919783399414518
0.0036690513613566616
0.0028633524797814338
0.004719022103891929
0.00411228398262949
0.0038537118548933364
0.004917611958603401
0.0038176386043229267
0.003990398686790454
0.004121023623270093
0.004880417474165372
0.003543419661397665
0.005720195873707396
0.005076506917123493
0.00395116901595937
0.004235826456621787
0.0044481644654185935
0.0028435602083320384
0.004027184985144026
0.003245210675588134
0.004572690956858005
0.0037904429677720424
0.004830092065230359
0.004940812109160224
0.0049549093597462636
0.007288758456154069
0.0034642525109131778
0.0030513661222377987
0.0034812794217657437
0.005180982029148369
0.006598374075590693
0.003915311941516775
0.0058993973324660744
0.005543126429595318
0.0035978558472746407
0.0066108565072605825
0.005196086579429279
0.0033801742749279156
0.004520214323911414
0.005068983442459284
0.0030877373251008353
0.0055154888158147
0.0047097304967136325
0.005001612621275689
0.0034834235429752995
0.0033852818413990108
0.004021398341897147
0.003873935758641941
0.003188651923623085
0.004410312723217394
0.004951090646224116
0.004118331929143861
0.003917024982582028
0.0034405107117813894
0.0035242873184357978
0.0034539312627283555
0.004946165132717921
0.0031828355885024336
0.0039040740755797243
0.0034093169800636057
0.004813907840720971
0.004575176326670202
0.0050994427340619
0.0038401570869129303
0.003966955181356889
0.0036977152767603237
0.004069801905119085
0.006083424684527301
0.003941845490595293
0.003905004695101785
0.0037403773116287025
0.0049281783473425315
0.005116006962815498
0.0048304392058948886
0.006471009578765942
0.0063619421552827205
0.0046505491443723165
0.003952058013702832
0.0035885309994308804
0.003027358937186267
0.0034095036286046062
0.0038035336651135866
0.002902798048730737
0.005693858534305022
0.004663940923467322
0.005901016841013016
0.003836201123138362
0.005555484830088886
0.01114435227449797
0.0076769161478190875
0.005502566424101806
0.005102800074766967
0.005166432228295803
0.005686119699126453
0.005396699773027472
0.00481316134119012
0.005315879000463178
0.010667525303495917
0.007607814015271431
0.004125391022341362
0.005091236260783097
0.0068697152278686755
0.004511675501754005
0.004198791266999464
0.0060949052169408735
0.005190839864300876
0.005929674573725605
0.005654567482034892
0.00337157249558151
0.0057773901659631845
0.0055938687145025414
0.00789808772065671
0.006080094213734921
0.0056871896747548245
0.005758017579843483
0.0031725019042018895
0.006477616626434172
0.006540804500063861
0.005513289771242733
0.00845047068478491
0.007096683716866785
0.0083433623874765
0.005825138942124211
0.007823835124321608
0.009768798744872246
0.006281075820657967
0.0065352376381061505
0.009152880647069256
0.004458759799196107
0.006349298465078105
0.005791174462293765
0.004880001885238824
0.006728264941483408
0.004352959750299649
0.010766072842912956
0.007304707854163704
0.005421920363220729
0.00669852219590783
0.008279515531891438
0.007357918668921116
0.004877615777020823
0.007302534697925775
0.007538990101000231
0.006795540573970784
0.0064990021347660605
0.005272181484605403
0.007822605585606204
0.006961169911823132
0.011669564260252802
0.007057959075498747
0.00958702282602896
0.011231205163175453
0.017680950397038722
0.015532208222693234
0.01285277422571298
0.012254082593369141
0.007216463384285862
0.00809800750244188
0.010316936669137992
0.006798117808015738
0.007565288473016553
0.005843268704975074
0.008569681798994224
0.009328047848495235
0.011568775102178854
0.010706606299058435
0.01197205531770194
0.011384583693885003
0.00831454413094396
0.007735588888610596
0.005461650965625722
0.006397613252682431
0.0046838496946369065
0.0057157045122246345
0.00595122980178952
0.0054225103522079305
0.00928385484831951
0.010037763948633972
0.009731673005539334
0.014655655956533488
0.010920568263901892
0.006494150744721632
0.015116702070034453
0.013666968695563664
0.01947366112263039
0.011466488658114274
0.017957263958327786
0.007486724370059833
0.007383916369155277
0.010171355744235482
0.005104627580104645
0.008033720993261606
0.011767736389475805
0.011333878086879079
0.021165245832585746
0.024928783604425117
0.013492839868710102
0.010024802166515476
0.01094211466263939
0.006410320248362799
0.008084076793043918
0.012405023743263533
0.005384344362394551
0.011016969387837285
0.011419230609231614
0.021753797686923853
0.010046144165020594
0.016130307747838447
0.01466032510013235
0.01884254811257525
0.008303058438386484
0.020957401562991307
0.01167866544402509
0.00959844748911293
0.0082530717219792
0.0059663900629996144
0.010539410497235158
0.007770908905870068
0.006524428421522604
0.009702451127667022
0.010011004073797802
0.013881939822831606
0.012245522676031672
0.021984529008797035
0.011890026985306364
0.0232620980757743
0.019379345852062163
0.021690690439573043
0.011875871072588721
0.020085408802999714
0.011767232155956488
0.02454508122536242
0.01152411020349116
0.015005287781005771
0.013424146103391507
0.007492617929418169
0.01320742668930441
0.02439243851846821
0.031873545327797737
0.029215781359429652
0.030482453984954958
0.02019358747398873
0.014417976749076973
0.01948331357896462
0.017957148735529765
0.02793041463538291
0.013031568058204887
0.011780706409329673
0.010769605389492015
0.010541121437065589
0.013918207093863173
0.013047027109286022
0.005978226088017248
0.020635632944339496
0.022203533974328647
0.015773332948340428
0.02406366224147894
0.012962596822023928
0.019011353394798307
0.009399975830555338
0.0083519859790314
0.017075121964439575
0.014822858996220085
0.019683212810267442
0.02475921484038198
0.012581196168137264
0.017503066006007706
0.019718093894714885
0.012231542418719613
0.011940085786580568
0.008140115452617799
0.025349268797639987
0.02269343420312475
0.011591243404127538
0.015199362047479934
0.022778286539633156
0.02318120768290996
0.028665608378939358
0.008743690470016769
0.022329833033451325
0.021398458891345326
0.01658471641821848
0.02903470422283083
0.01882903613319665
0.02275352198078486
0.01439686931134573
0.011120911302412665
0.01961693581918057
0.022802519293917883
0.018654466353385867
0.012077160742195848
0.019378889739396454
0.017514401150437144
0.023602682785125687
0.023640586305823535
0.035776306506098254
0.02924629392601643
0.023337638346879536
0.02685747883240652
0.015113834598098407
0.013503109600870039
0.0196674633493198
0.03434137722711429
0.02559509715780158
0.03203807827088297
0.03312632624505849
0.03823197798113867
0.02364486230508749
0.016594172412500066
0.019645947714512953
0.012010720548239455
0.011261620326924324
0.023342430185115233
0.014094911770511115
0.02821235384520085
0.020584899271591673
0.018085982655503256
0.026061410256840518
0.01443308939767313
0.026717407018064555
0.011758795860005035
0.010670472341848168
0.031041747127184882
0.02144130208381416
0.019129836094828
0.025171764161795406
0.026551461666146366
0.018229844171784783
0.010246896172722876
0.0191255383447214
0.015510324289515322
0.019674850844765914
0.017092692490704636
0.012588246620201006
0.01536249269446988
0.029879931713795074
0.02854914588417003
0.024792815306567312
0.013161590347814427
0.016597293068799
0.018033225595298817
0.011997383836832852
0.019650760137054437
0.015313868413174067
0.02021000662582717
0.03626771131749945
0.02180252997151601
0.012414936042916944
0.021207976816697786
0.01804917472931869
0.00959543542057616
0.03065361284590069
0.01749416937617829
0.02198543876248532
0.011809868877492276
0.016650629226765027
0.016500554475585287
0.01895414825446475
0.020357390435904073
0.029760557486974648
0.009372781103480022
0.01676938640005042
0.013653935873978052
0.015304341912385881
0.011634228912400544
0.024131778752560167
0.014201852856528686
0.018626606102090274
0.02247541211480983
0.015409078059306254
0.015737600606407186
0.025471571402579777
0.012808447148919037
0.019617530451768037
0.010117594688301161
0.02085671725892587
0.020530483505740056
0.013370495517317768
0.01717826801435678
0.01089742523948696
0.011587269033110617
0.012340718135480723
0.01600449312927369
0.023517832063121157
0.016568433298579877
0.015140728027751876
0.018882632760230895
0.02212501503137378
0.02362133020279617
0.01618857527029259
0.01599927612132914
0.019523145843481783
0.019512637018889632
0.01649508274827364
0.013378625235894946
0.023162294498558608
0.02009581094754205
0.007968208104564535
0.015959270237335704
0.019784933940478873
0.01163158780786795
0.022566818005682655
0.009327535552106385
0.015288606203545524
0.014863563549745312
0.027657854958547026
0.016527520607196842
0.02072021170066386
0.017642903075526063
0.020799562566951525
0.014891328700979601
0.014687047839923965
0.01413432244319982
0.015777408300341057
0.01724087558458266
0.024933483180962418
0.01592589345078218
0.008690171750651036
0.011099530523774485
0.007397920322759462
0.015390100673444302
0.018835897151848215
0.023608537884672706
0.01006972756417798
0.011821006190729883
0.014591276081184943
0.016353454996210576
0.007818315115885321
0.023404754597717063
0.01170732599504454
0.015108848521490316
0.0317300143371801
0.02416313237173967
0.020009215501987188
0.019523022823572662
0.012667884954220556
0.022304172478000976
0.01606017789840873
0.02986439912708338
0.016698587833574686
0.008994578885651743
0.019494840651701668
0.026030419631260928
0.017710692704198713
0.026265315340132482
0.020031884202971154
0.0222335699155721
0.01340114777651922
0.0189704036375666
0.011122323999704658
0.015438229257115587
0.017410637508093848
0.014141799240245025
0.011666125696088915
0.011181643987568775
0.010097416176363021
0.01144220429336385
0.024406246739088023
0.02316691342527632
0.015540156386076667
0.009030237093693987
0.016028296041246948
0.012213601180092827
0.012131992084932642
0.012019659978895234
0.009234205316421289
0.017072237951242162
0.010753190964705249
0.009197960849201558
0.012543356412008475
0.013257541138613731
0.010020314489574925
0.020013316863869375
0.029085182084900407
0.017133887221993157
0.021879633749655847
0.01729072181661708
0.02191419070416838
0.0130800728533981
0.016903579345709564
0.02066863291563098
0.013233505373204292
0.014063435742831427
0.008997181750764366
0.015101331658489484
0.01598175225196957
0.013585160363672192
0.02630777665609105
0.012683876222935247
0.013218451327907957
0.015697654378278855
0.017918378408440534
0.012710359914077297
0.020197559315602704
0.01888680052532058
0.020188979077975216
0.024159775204438363
0.0192987751693671
0.011913412943092751
0.013118385379375336
0.009316179169561081
0.020572663660452906
0.014798386312944948
0.011035629851016013
0.013709261638098968
0.025841534207003043
0.015111526394614754
0.0203588953034714
0.01656727924467992
0.01674128125424918
0.021061625931905276
0.019921131638822132
0.022173808095501887
0.014191007945609535
0.012996589482238061
0.011494236281932628
0.015621859747308791
0.012891730071718482
0.01457963514332111
0.016755566785870687
0.016601885592386293
0.01470841322665977
0.013740260096687936
0.012969072638928384
0.013636058019708887
0.00888332414856458
0.010896131152043072
0.008850215581397983
0.022108517460418434
0.020228756206304432
0.008778719896925056
0.013562509805354839
0.022314287543919533
0.013724271041455967
0.01378002048829823
0.013673933292351614
0.015093773746329366
0.020623784627247434
0.009212334727535874
0.01568530269507487
0.013459908555696804
0.014316933832493058
0.01686490791542495
0.016337794929598897
0.02239234055024698
0.015525190611867466
0.014398450044211161
0.00861816123546701
0.011055929792675112
0.010880494059529691
0.012628093448863596
0.016767749828550275
0.015752858916575678
0.026750572720691885
0.017164184408131174
0.013682696968824693
0.024832629789008097
0.013692631782558392
0.04588633200173172
0.02381404186036401
0.01481475518748913
0.023636990470163516
0.018985713605550965
0.01778892907723835
0.016707073524863697
0.020760703426502294
0.01641623729487976
0.017765816250244745
0.013884854644758674
0.017874579944297253
0.014750507791967977
0.025454333595036103
0.027198062685688848
0.013644425237689294
0.013515559258912721
0.02139649651638647
0.009133076740261564
0.022251942180533762
0.01709095527580342
0.016319933863717842
0.011549552901314574
0.018761709757777627
0.02490742224136234
0.02560773301529106
0.014273136488235891
0.011325997324795627
0.023097362821600385
0.01581012949602488
0.022686134290201908
0.01344979120065167
0.013237149536037735
0.009625406202773287
0.015518903661048189
0.013761323747486703
0.009406094276835267
0.010103772428625164
0.032780756846398994
0.02167930332861357
0.014778227999141323
0.014743960807744
0.019113210902919415
0.013378211511349778
0.014040933379066606
0.008114583832377247
0.013064150297512657
0.015914355729042096
0.020672518919800993
0.010291592951362174
0.015770659846132407
0.014145189049205573
0.008193147689176665
0.018585334207801365
0.015402909340672809
0.015134054671982464
0.013823010984272067
0.024488054702590765
0.01098002058827537
0.014199969563669906
0.013920157188216457
0.014940816224694089
0.01784217717804949
0.012469718574458126
0.022521607317231712
0.01278096618711369
0.022524207200561114
0.009184046204626333
0.019361756819925337
0.010686233086211387
0.011479234399199218
0.010246740292635191
0.013812669256981146
0.029464819567328968
0.021445541734751952
0.014780286815092497
0.017449143879528284
0.02282431747464102
0.007297081404703982
0.01906823851753438
0.01343411578064768
0.01825157754869962
0.017476340688978464
0.021418299969668986
0.01284985115405457
0.020589341743243145
0.006753174378266955
0.022835356580743503
0.013655831787038834
0.02503492686181586
0.019994465628953607
0.019169911404269352
0.024188957217203017
0.023509605083708727
0.012972399566124379
0.010319460598470625
0.027728914433863005
0.011828394273924474
0.023218425065497043
0.009825427631447286
0.01687075068277962
0.01798884061079032
0.01616830694530169
0.02029000401336208
0.015311113206139251
0.009376070164104236
0.016651924592454365
0.014324877947298113
0.01086842729120855
0.016774357925538278
0.015081483952055719
0.01896016540301937
0.01221948761628578
0.013605352607453644
0.016274844561395146
0.02501286722147527
0.009434929646584683
0.012484486550501777
0.008658260803282962
0.01978709689654961
0.012572003278290857
0.022495157075017133
0.012968634109412156
0.01694178737890198
0.010338488237377281
0.021425084800079004
0.013810109203720167
0.007805807046283067
0.014189400581222915
0.012295065979117678
0.016645339564895896
0.015100359572987698
0.012793295947221625
0.012443761774427107
0.011389023149650913
0.014912992339420887
0.01096347721562424
0.01633488423261153
0.015541870292371298
0.015391419690096988
0.014043971760150036
0.016371721410212817
0.016623931022827325
0.010972934338048145
0.027436284369136896
0.010762956896641718
0.019132134945079267
0.0185437362403237
0.020337058955791753
0.023019285365885343
0.014659005661568079
0.02162705514288925
0.016901615319580215
0.016765892974686312
0.013608196528053364
0.012155096483628855
0.015455618776438439
0.013953438775157957
0.01290780336469494
0.012166128827749659
0.0073455891974362995
0.011839521665139411
0.011131433968482657
0.009970576982729051
0.012744194597339114
0.011513922032712015
0.010741984372585353
0.020984915943593044
0.01594312228704974
0.014797684983246528
0.016517210805824484
0.015145045650549247
0.013805671270712578
0.006897058065604509
0.015372744411583816
0.015598590281160278
0.02001457306501614
0.015233813340481977
0.014141819037885311
0.01092968622940077
0.01090234413377869
0.013551776477818639
0.008810679782860554
0.026760863861799114
0.012852398482518495
0.017795636182810166
0.018136658706685398
0.011073767754761519
0.011056583427878748
0.011432329879145922
0.012912840057151575
0.025902982885570316
0.025219591273999926
0.02062737198429098
0.02006826366639444
0.018023533357432297
0.008796558222537961
0.02706911439247853
0.013187817773558725
0.020791134140353124
0.010754251609523254
0.008996338974529684
0.010928367211942269
0.013223278358387021
0.012276489687012376
0.01240852341075108
0.009288004087522091
0.01992628600527276
0.015373140357821877
0.012596875058439769
0.023806415814317007
0.016596540652966254
0.01651718156203145
0.014295623979190635
0.015405398533689474
0.018281496511897203
0.01437385861323124
0.015224707699629615
0.01688585334675459
0.019182677121492513
0.015005131695991622
0.016501498373832055
0.019949595946308803
0.01698552858371553
0.010169670218055146
0.023107919937010425
0.01506181625147354
0.01159828604398123
0.008488488335669802
0.010449994089452602
0.012627070474220651
0.010990663940992395
0.015278906676786276
0.01426076590800614
0.018201202689973453
0.018148614963209412
0.015160260393763513
0.011876190502416093
0.01003660185743652
0.015458420445464567
0.0144179142681518
0.016533447994138632
0.015246050207240392
0.011968301641481669
0.013663320658186963
0.009495902652896893
0.0076998361634128725
0.017135675506419444
0.017562032896976134
0.01593459165375269
0.015032934468200745
0.008275915850199692
0.008419169564672287
0.019527637529352247
0.014508653005078144
0.010176225027717525
0.014802688897336434
0.010680809363899698
0.01490434239246714
0.01673249606221078
0.020724387964523305
0.012189919552412233
0.026588528674736617
0.010517012755600153
0.009015417542751241
0.014337156385820164
0.008735503591604406
0.012802780353799332
0.007403344835695836
0.0085013492298119
0.009658380132521134
0.016073440013018088
0.017228368142262675
0.010091661436334368
0.01572589034567569
0.018298479463976464
0.015058382165928377
0.009780490190516548
0.02989869452563182
0.0133868484434011
0.014726610817403847
0.018061401072128218
0.011403765064850928
0.014980241799351944
0.007184065120234448
0.017440064071374516
0.007567727237772797
0.012619134220744547
0.02345500519118182
0.015465954117010957
0.009000243611251502
0.010431595643290194
0.011663296962528751
0.009114648340968548
0.011885708697271421
0.01057243986290345
0.014875009659532557
0.015343209963256162
0.012629410252647655
0.007256652803822857
0.0193435766145184
0.010633143795993354
0.025449852124723612
0.014873029443376998
0.01582091453125482
0.010719560756309497
0.015249126360710864
0.016689371937335357
0.014860931384972026
0.011750911684157483
0.013620240326296891
0.010776821420817609
0.00892779956203264
0.017857782085077097
0.010940875919172765
0.013001240454404794
0.0074015851637379846
0.01675371833179487
0.014596349260015767
0.016729895816725494
0.015770295036822153
0.011717185183569795
0.011110904426609567
0.010039455387062815
0.015590860879927403
0.027180073876737435
0.017881146044228746
0.016046858559639596
0.012791257634043115
0.012560360590263211
0.01522523073055259
